acc = 0.7294117647058823
eval_loss = 0.5523922153008289
f1 = [0.84334365 0.00784314]
global_step = 0
loss = None
